1922
944
2614
892
2125
1909
3520
1853
1151
1253
2765
1732
406
2148
1328
1614
964
1079
2759
1620
1292
1341
980
734
980
2037
1259
984
1062
187
669
554
308
288
475
685
180
741
682
52
580
593
426
180
200
150
528
52
183
252
183
374
147
259
610
1030
744
633
561
531
259
193
104
298
984
59
393
196
298
193
288
416
462
137
429
62
164
337
134
511
147
170
436
52
318
488
203
452
160
452
167
164
364
144
242
157
190
410
49
147
436
275
354
285
157
403
147
1571
203
72
203
459
308
1440
357
341
669
111
495
177
282
561
725
702
1656
141
456
164
334
580
324
370
147
1240
160
895
1437
308
347
659
1272
259
449
1200
488
1820
236
459
1282
793
606
59
170
357
1154
620
410
479
613
757
154
2043
124
439
1286
567
193
561
242
587
0.1
479
150
75
1745
367
446
633
154
1003
341
1374
91
954
1489
2214
157
331
1292
764
551
272
508
239
433
839
2047
672
1505
213
856
374
196
282
347
206
1528
118
374
249
131
26
52
137
587
134
462
282
541
465
137
442
173
971
574
121
111
377
1256
400
403
541
534
101
354
118
954
1141
974
95
515
121
406
101
1387
206
337
170
354
111
341
1085
570
249
331
137
469
242
1584
2191
49
101
452
659
475
42
101
1345
85
305
764
597
177
347
226
118
242
137
456
75
259
180
551
141
118
1279
249
410
108
160
396
1840
1013
406
111
134
1197
341
131
406
1729
127
1305
485
144
134
387
285
0
324
180
488
131
137
544
1371
308
367
229
1912
118
1404
656
1158
242
1292
259
150
672
104
456
137
111
141
816
229
180
2047
518
239
121
1496
1725
134
761
177
866
465
1017
465
1295
147
600
1295
531
524
157
154
682
633
88
111
19
492
19
564
39
1138
656
160
393
32
111
157
492
32
669
374
541
390
580
711
433
429
666
465
393
1318
482
95
98
1282
1154
380
383
15.2
442
465
400
1043
524
134
370
1128
626
26
524
646
314
570
324
154
1131
1069
1125
1187
272
938
1223
889
242
823
390
111
344
305
672
600
836
423
511
62
141
915
29
111
1131
22
603
216
78
610
206
751
1092
1312
918
1332
833
124
1397
718
1085
2772
1046
383
492
2165
367
646
170
524
902
1538
718
331
426
685
150
101
1348
964
685
725
1361
1138
567
574
741
944
803
203
649
1174
1194
898
836
597
761
1128
137
282
574
242
2057
223
78
413
98
190
587
958
1610
1545
820
462
633
1653
291
429
754
124
600
36
131
1709
1853
1128
1745
1187
98
229
656
114
2020
600
898
1387
298
659
272
2014
1453
36
141
1758
45
2112
1633
662
187
1761
1650
1420
121
127
908
754
229
793
1722
1184
111
1712
643
1443
623
1010
1627
36
374
1755
1246
1332
1830
357
36
141
1246
505
1843
1105
1190
331
134
958
1414
1020
341
1312
82
574
