1624
931
2509
813
2116
1673
3346
1801
1315
964
2736
1512
515
2280
974
1541
1151
905
2562
1801
1079
1115
1033
620
1053
1860
1289
833
958
370
439
367
538
62
413
656
203
725
626
118
528
567
629
383
459
137
528
16
377
144
251
180
239
423
311
994
748
626
485
416
413
331
298
104
984
111
183
341
104
387
101
351
364
423
360
203
121
137
380
278
357
121
239
16
515
291
410
242
400
203
390
147
170
351
150
351
590
177
111
337
226
469
154
488
118
200
259
1338
439
65
157
200
482
1200
547
147
633
305
295
429
249
301
764
646
1551
351
229
383
137
695
456
160
351
1017
160
895
1384
593
147
331
1535
249
187
1174
610
1807
393
285
1282
987
396
219
131
360
1154
813
219
734
600
498
180
1948
393
141
1479
367
187
662
400
570
879
633
180
32
1709
682
131
597
357
915
351
1115
144
1085
1299
2198
416
314
1033
744
629
219
360
446
141
1043
1774
879
1243
383
711
593
456
351
88
426
1318
318
104
472
59
78
111
357
360
354
252
541
531
206
357
226
439
994
554
157
49
600
1118
603
121
564
446
305
150
314
944
928
1259
111
452
341
177
298
1181
426
127
367
150
337
137
1371
298
433
124
357
249
462
1312
2142
111
236
246
331
278
111
209
1184
111
216
1030
374
360
308
65
295
75
429
219
344
82
400
328
360
118
1076
433
242
285
68
616
1627
964
469
39
354
1204
124
357
200
1961
308
547
1046
364
360
154
137
236
0
400
442
354
147
374
1164
603
91
314
2083
351
1174
875
1082
396
1079
331
114
547
357
236
357
42
360
488
429
134
2260
318
426
118
1384
1502
354
551
396
666
246
1236
246
1522
347
406
1223
370
301
364
357
301
570
144
177
170
344
170
416
111
1072
639
354
200
91
32
351
262
91
567
574
321
328
347
622
291
419
652
456
393
1341
314
131
170
1026
1141
380
374
1322
387
488
377
1033
518
209
282
1266
626
114
488
554
351
557
429
213
1187
1125
1207
1223
239
908
1053
744
209
1000
469
111
337
301
705
603
948
866
272
82
59
770
45
190
1049
45
797
216
59
557
364
528
1295
1167
721
1417
905
36
1410
669
1085
2782
1253
193
515
2178
216
774
288
321
741
1591
685
331
334
875
285
213
1259
971
669
610
1315
1213
649
646
508
938
777
351
603
1184
1187
921
836
446
777
1118
82
190
498
252
2083
157
170
331
108
154
600
944
1610
1545
797
479
754
1509
262
413
803
62
561
91
62
1715
288
1128
1896
1161
108
216
495
85
2020
580
875
1391
298
787
255
2004
1437
121
39
1758
29
2125
1624
285
262
1774
1646
1397
147
39
908
731
334
787
1709
1161
29
1696
643
1443
616
1010
1591
91
370
1751
1066
1335
1817
262
91
68
1243
488
1840
1013
1099
331
36
941
282
1026
285
1299
108
482
