26.4
26.7
25.9
24.2
23.5
22.6
38.8
21.9
23.7
14.0
41.1
25.8
20.1
24.4
23.6
19.6
19.5
28.8
19.7
23.0
19.6
18.4
18.6
18.7
19.5
17.6
18.8
20.4
21.0
17.7
17.9
18.5
22.4
17.3
22.0
23.4
16.7
19.6
18.5
20.0
14.7
16.5
18.3
15.0
17.3
11.5
21.1
16.6
16.8
13.4
15.0
18.5
15.8
19.8
15.7
20.5
19.5
20.1
21.4
20.5
23.6
24.5
22.1
23.7
27.6
18.8
25.5
23.3
19.4
24.7
20.4
25.1
27.2
23.7
29.4
23.6
20.3
20.4
25.2
22.1
19.6
20.6
23.8
15.5
22.7
18.1
11.8
14.1
19.5
17.3
18.8
22.1
15.5
19.7
17.9
18.5
18.2
24.9
16.0
19.1
20.6
20.5
20.6
20.4
21.6
22.8
19.5
24.1
19.1
12.7
22.9
19.9
21.5
27.1
18.1
17.7
20.1
19.0
21.2
21.1
11.6
16.9
20.7
25.3
24.5
20.5
18.2
18.3
19.3
18.9
20.0
20.0
22.3
22.2
16.6
19.2
22.3
20.4
23.4
19.8
26.8
13.8
18.1
21.4
25.8
22.8
22.8
22.6
22.9
23.1
21.5
20.6
10.7
15.2
22.1
23.7
20.8
22.6
20.5
17.9
19.9
23.9
22.0
15.7
20.4
18.6
12.5
25.0
23.0
15.0
25.9
25.0
16.5
11.9
25.2
20.5
17.5
22.2
21.6
21.9
11.6
19.9
20.7
22.6
19.3
24.9
20.3
10.8
20.3
25.1
25.6
8.4
23.3
23.8
18.8
22.5
21.3
19.2
26.5
22.6
18.1
22.1
20.4
17.7
17.5
24.1
17.3
20.8
15.8
21.7
9.5
20.4
17.7
20.0
31.0
18.8
17.9
22.0
13.9
20.2
24.8
22.0
17.9
25.4
18.8
17.1
13.6
19.8
24.3
21.0
21.1
19.4
22.9
22.8
25.2
21.4
20.8
26.4
24.8
14.4
20.3
21.8
21.4
23.0
25.2
22.1
23.4
21.5
20.4
21.3
20.4
25.7
20.5
22.3
27.1
21.5
21.3
22.7
24.9
25.8
17.9
21.6
20.3
21.8
19.9
21.4
24.1
25.3
20.0
16.0
21.4
19.8
23.3
24.2
18.2
18.6
18.7
22.4
19.9
20.7
18.2
18.8
20.1
17.6
20.3
26.5
17.8
17.2
17.5
18.0
20.9
23.1
18.3
13.9
14.9
18.1
25.9
16.5
20.9
17.6
26.4
16.9
27.2
28.1
18.0
20.1
20.8
17.7
27.5
13.0
18.4
20.4
20.6
18.1
22.3
25.7
17.2
21.0
26.9
26.3
15.4
28.4
15.0
26.7
17.6
20.2
17.0
17.7
23.4
16.7
19.0
15.5
17.3
15.8
18.0
13.2
16.3
14.4
16.2
17.1
13.1
24.6
25.7
18.7
20.1
16.7
25.6
17.9
15.6
16.1
22.6
19.1
21.3
23.0
21.0
20.6
12.8
16.6
20.7
13.5
13.4
15.6
18.6
23.9
16.3
20.4
15.0
14.5
15.2
15.5
16.6
15.6
14.0
14.0
15.0
14.8
16.5
15.3
20.0
15.4
15.3
13.9
13.3
16.7
15.2
17.3
14.7
15.9
16.1
16.0
15.4
15.0
17.9
17.3
14.5
15.2
14.1
15.3
16.3
18.8
19.0
14.7
17.1
17.2
17.7
16.5
24.6
15.7
19.9
19.6
20.1
16.1
23.9
19.4
22.4
21.1
9.8
19.4
22.5
19.7
14.3
19.2
17.1
15.6
16.7
17.6
27.0
23.7
25.8
24.4
27.1
17.0
14.2
20.2
21.4
19.3
22.7
16.2
21.7
22.7
14.9
19.3
20.7
25.1
21.7
21.3
23.6
24.2
22.2
18.0
21.6
26.0
24.3
19.2
17.7
16.6
14.1
22.8
17.0
26.6
17.9
25.7
25.0
22.6
20.6
18.7
22.2
25.5
18.5
16.3
25.6
21.3
19.0
26.0
22.9
21.3
20.6
22.3
24.3
22.5
23.0
20.0
17.7
23.8
23.1
23.8
26.5
16.7
18.8
23.3
27
13.3
27.5
23.2
17.0
12.2
17.1
14.7
15.5
12.9
29.6
16.0
20.5
19.3
17.2
18.7
18.5
29.4
13.7
30.9
17.6
14.2
17.2
15.5
15.7
17.3
22.1
16.2
18.6
18.6
18.8
16.6
15.2
12.4
30.0
16.5
21.4
14.8
14.2
18.7
21.7
20.0
22.3
15.3
14.9
19.9
17.6
19.7
29.8
20.1
15.1
19.0
25.1
19.5
16.6
14.7
19.1
19.0
16.8
21.0
25.3
21.6
14.8
20.9
18.6
20.9
19.7
21.3
25.5
14.8
22.8
20.4
19.9
25.3
21.5
18.9
16.6
24.5
20.9
18.9
20.7
19.9
20.0
21.9
15.1
22.9
25.4
19.7
18.4
23.1
17.5
21.6
