24.71
13.51
32.64
14.09
33.01
14.25
37.83
14.68
22.23
10.57
29.27
17.21
7.32
15.68
13.19
17.08
10.49
17.88
25.13
23.94
10.28
12
12.14
8.15
13.24
15.8
15.42
10.86
22.15
6.44
9.57
13.48
12.21
4.35
14.89
14.10
1.02
16.17
17.59
2.09
13.08
13.73
11.41
7.86
10.08
5.04
14.06
1.26
7.7
6.16
7.79
7.79
5.01
9.10
11.35
17.74
17.64
17.04
16.94
15.21
9.16
6.6
6.4
6.45
25.48
4.57
11.24
11.66
6.43
12.54
6.14
14.42
14.42
10.62
13.77
7.01
5.46
7.64
9.81
9.88
6.97
5.35
7.41
1.26
12.23
7.47
7.43
7.44
7.07
9.91
6.94
4.66
7.57
7.03
6.13
7.67
6.89
7.37
2.75
6.74
9.73
7.65
7.46
6.95
5.08
7.31
6.84
27.46
10.11
1.61
2.56
10
10.26
27.24
7.64
7.53
16.83
6.19
7.37
9.92
3.28
9.91
17.48
16.28
31.33
7.06
9.54
7.63
7.53
18.66
12.14
7.67
7.03
27.8
5.46
18.54
36.21
12.44
7.42
18.67
34.5
3.94
9.97
17.75
13.91
16.66
7.68
12.08
26.71
21.98
11.85
7.28
1.37
4.99
18.31
21.86
7.77
9.98
5.22
10
2.76
33.89
9.03
8.42
21.38
7.42
2.15
10.17
7.58
5.89
2.13
14.28
2.82
1.87
33.54
11.56
8.29
21.29
7.19
23.24
3.92
9.93
2.87
14.11
7.68
32.9
5.57
4.4
9.93
18.27
14.62
1.23
12.97
7.07
8.8
7.04
18.37
7.07
31.50
8.02
7.13
6.73
10.02
4.04
8.04
6.8
6.95
6.02
5.88
10.05
1.42
2.67
2.79
6.86
7.67
6.87
7.59
10.08
4.12
10.03
6.8
9.18
6.85
21.79
17.02
2.76
2.66
6.74
28.67
5.94
8.98
17.74
16.96
6.08
7.19
5.77
21.14
25.57
27.01
2.04
16.9
6.82
9.27
6.06
29.99
9.3
6.96
5.98
7.83
6.62
7.08
21.04
13.81
6.81
7.21
6.9
12
6.85
33.7
39.59
2.84
5.29
13.72
20.22
15.22
2.79
6.74
30.55
2.72
2.69
6.56
10.49
6.89
14.75
4.42
5.55
5.14
6.89
10.36
5.87
4.79
6.92
16.58
6.86
4.97
27.66
4.71
4.82
5.62
3.5
6.77
35.42
16.81
2.65
2.52
6.78
30.88
8.27
6.71
7.71
32.58
5.92
25.46
15.06
6.87
6.73
9.56
10.72
1.26
2
6.68
14.78
6.81
4.43
19.16
30.06
7.58
9.41
7
42.73
5.68
16.85
6.8
25.01
11.32
26.85
6.77
4.2
21.28
6.47
10.49
6.83
2.55
6.86
26.01
5.91
5.07
6.72
16.16
6.78
2.46
32.93
32.16
6.83
10.48
6.72
24.19
10.71
6.71
10.58
34.61
7.11
14.04
29.73
13.44
10.18
7.27
7.36
19.14
20.57
3.6
6.27
4.02
13.9
3.93
15.64
3.35
13.01
22.91
6.87
13.96
2.79
2.13
9.45
12.89
2.72
22.06
12.98
12.08
13.92
18.54
23.9
10.67
17.65
23.71
18.38
16.08
37.27
11.52
3.45
5.84
20.54
27.28
8.77
8
22.51
7.57
18.8
15.21
17.94
18.48
10.42
9.65
26.8
19.09
2.13
19.11
25.54
8.05
19.48
11.39
6.33
28.55
29.37
29.09
26.64
6.56
21.62
27.67
21.9
5.48
20.3
2.26
5.1
13.73
13.12
19.09
21.81
33.60
15.6
10.58
4.81
3.27
26.24
1.17
4.44
27.31
1.11
18.24
8.42
1.07
20.14
11.44
12.94
27.3
40.68
6.97
31.68
12.29
2.18
34.01
25.68
33.77
36.98
10.36
8.51
5.15
40.53
7.09
15.88
11.37
10.15
25.97
35.06
19.15
5.69
11.05
13.51
8.81
1.43
18.38
22.46
16.44
14.59
34.35
35.84
17.36
10.13
8.34
20.55
15.51
8.22
10.45
22.13
22.75
18.58
20.6
8.05
5.97
21.97
4.15
2.31
7.49
11.23
12.95
2.01
2.82
2.34
2.95
2.69
6.32
8.04
27.87
14.01
7.12
6.27
18.91
25.71
2.43
4.25
6.9
1.24
3.5
2.88
2.61
13.28
17.07
8.88
14.18
9.1
3.19
1.85
4.49
1.51
15.94
6.29
7.16
11.95
4.19
5.63
7.52
33.61
26.85
2.17
2.71
30.75
3.07
28.64
27.22
6.41
3.05
29.19
26.95
11.82
2.92
2.82
7.82
6.72
1.81
7.88
27.53
10.78
2.62
15.19
6.08
12.99
6.26
8.04
37.28
2.89
14.59
29.51
8.86
28.25
31.46
2.68
2.89
3.41
22.37
5.97
31.37
8.06
9.18
14.5
2.73
24.45
31.38
9.50
2.46
26.82
2.87
18.50
