09
51
44
04
48
48
49
36
09
21
06
40
54
58
26
44
0
58
26
18
12
55
5
50
9
42
28
09
02
32
56
34
08
25
18
36
11
30
43
11
52
46
33
14
07
58
41
12
51
47
05
10
34
3
46
18
53
55
38
37
11
32
34
36
13
24
59
0
33
2
33
17
18
54
09
30
28
38
47
48
35
26
38
29
07
47
12
12
34
50
40
38
55
45
34
42
38
41
15
35
52
39
48
32
25
35
33
30
54
13
21
55
0
47
44
43
35
31
44
49
03
54
44
34
08
37
57
41
42
40
08
43
29
40
33
53
34
03
40
01
02
09
52
48
15
29
41
10
34
02
06
41
32
04
35
10
46
50
07
58
17
58
49
48
11
41
23
07
36
19
09
16
21
14
30
41
48
04
37
31
17
53
21
23
46
13
27
21
02
48
25
23
07
28
49
33
42
42
37
49
41
30
48
11
44
25
40
30
35
52
32
18
20
35
49
34
41
47
03
54
28
48
34
0
35
18
17
33
43
23
44
42
25
27
01
25
55
10
44
13
23
34
45
26
34
51
32
29
41
27
31
52
11
32
53
34
07
33
04
43
21
26
09
47
21
13
31
25
16
15
32
53
35
14
24
30
26
35
51
32
23
35
37
35
26
25
22
25
28
18
31
37
46
15
17
34
03
53
36
41
12
26
27
59
34
33
46
56
03
15
35
21
32
29
47
55
39
55
30
06
32
55
43
35
15
35
39
22
49
38
57
42
15
41
26
34
25
40
29
36
17
01
58
40
00
37
09
01
38
02
35
37
21
48
18
21
01
52
22
07
37
57
36
36
31
02
27
41
50
43
38
21
16
02
36
21
43
22
22
50
23
08
09
38
46
41
04
14
52
34
09
48
43
36
12
10
24
28
05
28
14
19
11
04
37
16
19
18
02
19
37
50
39
34
20
52
11
27
53
19
23
29
28
08
05
38
49
37
04
17
05
25
26
02
07
29
34
05
45
47
10
46
04
11
0
50
12
50
13
12
0
13
12
26
53
56
23
55
41
34
58
57
16
34
50
47
55
21
45
12
09
20
30
13
35
30
29
08
45
04
34
39
13
13
25
44
55
06
29
20
20
29
44
54
16
29
18
13
20
34
18
35
49
47
32
17
46
38
29
45
27
12
37
19
17
19
18
30
46
23
20
24
57
17
08
11
30
54
55
55
42
35
0
17
17
25
19
34
57
53
33
27
15
38
24
21
18
24
25
07
58
21
18
21
21
41
11
28
43
15
23
36
19
40
15
25
20
33
21
08
09
15
18
15
15
16
55
10
20
47
15
30
