38
52
04
31
25
16
37
55
18
46
09
52
40
05
31
07
28
46
36
03
01
39
35
31
50
39
55
42
49
48
11
11
45
30
42
27
24
13
19
23
20
26
24
53
44
11
56
28
16
30
44
59
58
38
21
14
03
48
44
49
06
03
38
23
52
02
39
19
09
13
19
28
00
46
04
31
52
31
06
52
01
54
05
03
27
44
40
14
59
49
40
00
53
55
58
56
55
37
28
28
09
17
20
21
05
04
27
43
24
51
33
18
15
21
05
41
10
40
17
04
51
34
38
0
46 
54
23
02
01
32
21
35
17
56
17
38
16
55
19
02
31
13
16
20
37
59
08
35
34
06
50
54
22
52
51
52
29
31
48
45
49
20
56
37
44
09
37
06
29
52
41
00
27
26
16
40
02
51
21
37
10
43
18
49
58
33
05
11
36
57
36
25
42
06
02
59
50
06
57
53
14
30
34
30
12
07
04
01
18
02
41
16
18
45
05
59
06
09
45
25
57
41
40
13
14
17
28
08
43
14
15
29
11
43
48
11
28
32
03
25
05
13
54
27
31
37
14
55
07
53
21
11
57
52
07
31
46
54
28
46
36
13
24
33
19
50
20
13
12
09
56
13
28
01
11
49
59
16
36
42
38
43
46
51
32
17
02
56
50
18
36
30
36
49
15
37
29
41
44
49
07
53
27
11
19
04
39
13
56
40
09
0
16
54
41
0
04
29
47
01
11
46
35
28
40
26
28
19
41
30
28
15
29
27
32
35
10
45
43
40
40
19
24
08
31
34
03
52
54
32
30
47
32
07
52
41
56
35
08
40
58
25
53
30
52
07
50
20
09
26
38
44
59
14
15
06
51
22
11
43
55
10
08
20
03
10
07
33
07
54
01
15
04
57
04
19
54
03
06
20
06
38
21
38
10
19
09
06
22
15
56
38
46
42
25
16
42
38
23
07
05
03
26
10
34
35
46
57
07
31
11
04
10
57
19
59
52
25
38
20
23
40
13
52
18
51
09
0
45
03
18
09
07
33
10
37
41
33
09
36
27
37
07
30
17
28
49
43
06
06
11
29
53
18
41
11
52
54
17
30
54
21
53
06
09
44
57
27
59
30
52
58
09
55
40
35
49
24
37
18
52
11
38
13
41
00
52
52
58
15
49
49
47
33
15
26
22
02
47
54
22
34
15
43
24
35
43
00
34
40
48
45
53
04
13
52
07
31
55
20
25
07
45
14
53
15
54
53
40
03
12
51
44
58
26
38
21
06
10
53
42
11
13
06
32
08
21
44
47
27
22
12
34
11
41
56
49
27
09
26
40
58
